[gd_scene load_steps=13 format=3 uid="uid://8a4lkt2okh2y"]

[ext_resource type="Texture2D" uid="uid://dfx3ldxtfgkko" path="res://texture/floor.jpg" id="1_ig7tw"]
[ext_resource type="Script" uid="uid://d3s7fophvd4db" path="res://control_manager.gd" id="3_h2yge"]

[sub_resource type="ProceduralSkyMaterial" id="ProceduralSkyMaterial_7dm0k"]
sky_horizon_color = Color(0.662243, 0.671743, 0.686743, 1)
ground_horizon_color = Color(0.662243, 0.671743, 0.686743, 1)

[sub_resource type="Sky" id="Sky_ig7tw"]
sky_material = SubResource("ProceduralSkyMaterial_7dm0k")

[sub_resource type="Environment" id="Environment_0xm2m"]
background_mode = 2
sky = SubResource("Sky_ig7tw")
tonemap_mode = 2
glow_enabled = true

[sub_resource type="PlaneMesh" id="PlaneMesh_7dm0k"]
size = Vector2(400, 400)

[sub_resource type="StandardMaterial3D" id="StandardMaterial3D_0xm2m"]
albedo_texture = ExtResource("1_ig7tw")
uv1_scale = Vector3(10, 10, 10)

[sub_resource type="BoxShape3D" id="BoxShape3D_h2yge"]
size = Vector3(400, 1, 400)

[sub_resource type="BoxMesh" id="BoxMesh_ig7tw"]

[sub_resource type="StandardMaterial3D" id="StandardMaterial3D_h2yge"]
albedo_color = Color(0.317647, 0.203922, 1, 1)

[sub_resource type="BoxShape3D" id="BoxShape3D_0xm2m"]

[sub_resource type="StandardMaterial3D" id="StandardMaterial3D_1bvp3"]
albedo_color = Color(0.952941, 0.196078, 0.929412, 1)

[node name="Node3D" type="Node3D"]

[node name="WorldEnvironment" type="WorldEnvironment" parent="."]
environment = SubResource("Environment_0xm2m")

[node name="DirectionalLight3D" type="DirectionalLight3D" parent="."]
transform = Transform3D(-0.866025, -0.433013, 0.25, 0, 0.5, 0.866025, -0.5, 0.75, -0.433013, 0, 0, 0)
shadow_enabled = true

[node name="StaticBody3D" type="StaticBody3D" parent="."]

[node name="floor" type="MeshInstance3D" parent="StaticBody3D"]
mesh = SubResource("PlaneMesh_7dm0k")
skeleton = NodePath("../..")
surface_material_override/0 = SubResource("StandardMaterial3D_0xm2m")

[node name="CollisionShape3D" type="CollisionShape3D" parent="StaticBody3D"]
transform = Transform3D(1, 0, 0, 0, 1, 0, 0, 0, 1, 0, -0.5, 0)
shape = SubResource("BoxShape3D_h2yge")

[node name="player" type="CharacterBody3D" parent="."]
transform = Transform3D(1, 0, 0, 0, 1, 0, 0, 0, 1, 0, 0.537681, 0)

[node name="Camera3D" type="Camera3D" parent="player"]
transform = Transform3D(0.999998, 0.00169873, -0.000538936, -0.00132449, 0.910727, 0.413008, 0.00119241, -0.413006, 0.910727, -0.00215575, 4.67178, 8.1644)
fov = 50.0

[node name="skinperso" type="MeshInstance3D" parent="player"]
mesh = SubResource("BoxMesh_ig7tw")
skeleton = NodePath("../../StaticBody3D/floor")
surface_material_override/0 = SubResource("StandardMaterial3D_h2yge")

[node name="CollisionShape3D" type="CollisionShape3D" parent="player"]
shape = SubResource("BoxShape3D_0xm2m")

[node name="player2" type="CharacterBody3D" parent="."]
transform = Transform3D(1, 0, 0, 0, 1, 0, 0, 0, 1, 2.61815, 0.537681, 0)

[node name="Camera3D" type="Camera3D" parent="player2"]
transform = Transform3D(0.999998, 0.00169873, -0.000538936, -0.00132449, 0.910727, 0.413008, 0.00119241, -0.413006, 0.910727, -0.00215575, 4.67178, 8.1644)
fov = 50.0

[node name="skinperso" type="MeshInstance3D" parent="player2"]
mesh = SubResource("BoxMesh_ig7tw")
skeleton = NodePath("../../StaticBody3D/floor")
surface_material_override/0 = SubResource("StandardMaterial3D_1bvp3")

[node name="CollisionShape3D" type="CollisionShape3D" parent="player2"]
shape = SubResource("BoxShape3D_0xm2m")

[node name="ControlManager" type="Node" parent="." node_paths=PackedStringArray("player1", "player2")]
script = ExtResource("3_h2yge")
player1 = NodePath("../player")
player2 = NodePath("../player2")
